[
["U",
"inlet",
{"model":"OpenFOAM",
"magSf_OpenFOAM":[
0.00208651,
0.00400315,
0.005594,
0.00673283,
0.00733532,
0.00733532,
0.00673283,
0.005594,
0.00400315,
0.00208651,
0.00400315,
0.00576351,
0.00722586,
0.00827383,
0.00882997,
0.00882997,
0.00827383,
0.00722586,
0.00576351,
0.00400315,
0.005594,
0.00722586,
0.00858273,
0.00955618,
0.0100743,
0.0100743,
0.00955618,
0.00858273,
0.00722586,
0.005594,
0.00673283,
0.00827383,
0.00955618,
0.010477,
0.0109683,
0.0109683,
0.010477,
0.00955618,
0.00827383,
0.00673283,
0.00733532,
0.00882997,
0.0100743,
0.0109683,
0.0114459,
0.0114459,
0.0109683,
0.0100743,
0.00882997,
0.00733532,
0.00733532,
0.00882997,
0.0100743,
0.0109683,
0.0114459,
0.0114459,
0.0109683,
0.0100743,
0.00882997,
0.00733532,
0.00673283,
0.00827383,
0.00955618,
0.010477,
0.0109683,
0.0109683,
0.010477,
0.00955618,
0.00827383,
0.00673283,
0.005594,
0.00722586,
0.00858273,
0.00955618,
0.0100743,
0.0100743,
0.00955618,
0.00858273,
0.00722586,
0.005594,
0.00400315,
0.00576351,
0.00722586,
0.00827383,
0.00882997,
0.00882997,
0.00827383,
0.00722586,
0.00576351,
0.00400315,
0.00208651,
0.00400315,
0.005594,
0.00673283,
0.00733532,
0.00733532,
0.00673283,
0.005594,
0.00400315,
0.00208651,
],
"value_OpenFOAM":[
(0 0 0),
(0 0 0),
(0 0 0),
(0 0 0),
(0 0 0),
(0 0 0),
(0 0 0),
(0 0 0),
(0 0 0),
(0 0 0),
(0 0 0),
(0 0 0),
(0 0 0),
(0 0 0),
(0 0 0),
(0 0 0),
(0 0 0),
(0 0 0),
(0 0 0),
(0 0 0),
(0 0 0),
(0 0 0),
(0 0 0),
(0 0 0),
(0 0 0),
(0 0 0),
(0 0 0),
(0 0 0),
(0 0 0),
(0 0 0),
(0 0 0),
(0 0 0),
(0 0 0),
(0 0 0),
(0 0 0),
(0 0 0),
(0 0 0),
(0 0 0),
(0 0 0),
(0 0 0),
(0 0 0),
(0 0 0),
(0 0 0),
(0 0 0),
(0 0 0),
(0 0 0),
(0 0 0),
(0 0 0),
(0 0 0),
(0 0 0),
(0 0 0),
(0 0 0),
(0 0 0),
(0 0 0),
(0 0 0),
(0 0 0),
(0 0 0),
(0 0 0),
(0 0 0),
(0 0 0),
(0 0 0),
(0 0 0),
(0 0 0),
(0 0 0),
(0 0 0),
(0 0 0),
(0 0 0),
(0 0 0),
(0 0 0),
(0 0 0),
(0 0 0),
(0 0 0),
(0 0 0),
(0 0 0),
(0 0 0),
(0 0 0),
(0 0 0),
(0 0 0),
(0 0 0),
(0 0 0),
(0 0 0),
(0 0 0),
(0 0 0),
(0 0 0),
(0 0 0),
(0 0 0),
(0 0 0),
(0 0 0),
(0 0 0),
(0 0 0),
(0 0 0),
(0 0 0),
(0 0 0),
(0 0 0),
(0 0 0),
(0 0 0),
(0 0 0),
(0 0 0),
(0 0 0),
(0 0 0),
],
"snGrad_OpenFOAM":[
(-0.000512665 -0.00209592 -0.00209923),
(0.000642284 0.00207327 0.00100169),
(-0.0004974 -0.00112981 -0.000434366),
(0.000252156 0.00054814 0.000145915),
(-7.41112e-05 -0.000215963 -9.83663e-06),
(-8.49369e-05 0.000205202 -3.99727e-06),
(0.000268102 -0.00052496 0.000129845),
(-0.000529369 0.00109781 -0.000409627),
(0.000718229 -0.00205264 0.000955848),
(-0.000625853 0.00205845 -0.0020836),
(0.000642239 0.00100341 0.00207079),
(-0.000597691 -0.000784454 -0.000785621),
(0.000340068 0.000281432 0.000305315),
(-0.000141967 -9.63489e-05 -0.000102194),
(4.28647e-05 -1.97708e-05 1.40586e-05),
(4.50754e-05 2.28873e-05 8.68617e-06),
(-0.000148052 8.30488e-05 -8.97999e-05),
(0.000346405 -0.000256631 0.000279233),
(-0.000610645 0.000737522 -0.000741406),
(0.000719682 -0.000962117 0.00204213),
(-0.000497174 -0.000433823 -0.00113143),
(0.000339897 0.000305609 0.000280995),
(-0.000150408 -4.51263e-05 -4.53807e-05),
(5.15193e-05 2.55847e-06 -1.20317e-05),
(-1.64223e-05 9.34805e-06 7.11801e-06),
(-1.60799e-05 -9.69291e-06 7.05759e-06),
(5.31815e-05 -9.25314e-07 -1.37582e-05),
(-0.000157603 3.65453e-05 -3.68251e-05),
(0.00034831 -0.000282435 0.000255835),
(-0.000531432 0.000410002 -0.00109536),
(0.0002526 0.000145656 0.000549849),
(-0.000141481 -0.000101756 -9.61084e-05),
(5.13967e-05 -1.1973e-05 2.58798e-06),
(-1.2765e-05 9.79124e-07 9.28458e-07),
(4.18422e-06 2.76506e-06 1.84644e-06),
(3.97467e-06 -3.25761e-06 1.65864e-06),
(-1.23666e-05 -8.55901e-07 7.2101e-07),
(5.43785e-05 1.20448e-05 4.3386e-07),
(-0.000151545 9.22055e-05 -8.44897e-05),
(0.000269255 -0.000132194 0.000515812),
(-7.64178e-05 -9.16965e-06 -0.000219366),
(4.25792e-05 1.32608e-05 -1.89513e-05),
(-1.6196e-05 7.13751e-06 9.54762e-06),
(4.13668e-06 1.77348e-06 2.80471e-06),
(-4.13943e-08 -2.31765e-06 -2.30551e-06),
(2.08593e-07 2.08403e-06 -2.17127e-06),
(4.01194e-06 -2.58743e-06 2.87515e-06),
(-1.78904e-05 -7.41951e-06 9.4595e-06),
(4.85907e-05 -1.41358e-05 -2.41217e-05),
(-7.2679e-05 9.41752e-06 -0.000178244),
(-7.93631e-05 -7.62702e-06 0.00021899),
(4.34474e-05 1.15897e-05 2.07342e-05),
(-1.62727e-05 6.91744e-06 -9.3057e-06),
(4.03165e-06 1.63065e-06 -3.16462e-06),
(2.1762e-07 -2.22236e-06 2.08161e-06),
(-2.96876e-07 1.83946e-06 1.81872e-06),
(3.61884e-06 -1.44538e-06 -3.03032e-06),
(-1.41954e-05 -7.43046e-06 -1.02392e-05),
(4.95921e-05 3.72161e-06 3.7437e-05),
(-0.000111 -1.1335e-05 0.000136429),
(0.000256689 0.000142305 -0.000543471),
(-0.000143672 -9.9633e-05 9.34467e-05),
(5.22152e-05 -1.26067e-05 -2.77513e-06),
(-1.2586e-05 4.05443e-07 -6.64864e-07),
(4.10292e-06 2.74205e-06 -2.62915e-06),
(3.59863e-06 -3.00448e-06 -1.40054e-06),
(-1.06942e-05 -1.60439e-06 -1.66235e-06),
(5.61216e-05 1.98779e-05 1.00138e-05),
(-0.000172432 4.2233e-05 3.25456e-05),
(0.000324174 -6.72012e-05 -0.000406758),
(-0.000505089 -0.000429618 0.00112372),
(0.000341297 0.000298377 -0.000275744),
(-0.000153318 -4.47164e-05 4.42081e-05),
(5.34249e-05 2.13768e-06 1.07721e-05),
(-1.80067e-05 9.06243e-06 -7.21442e-06),
(-1.39207e-05 -1.02654e-05 -7.33276e-06),
(5.60138e-05 1.00348e-05 1.99413e-05),
(-0.000178234 -2.68036e-06 -2.74569e-06),
(0.00036092 -0.000175996 -0.000143086),
(-0.000638645 0.000298959 0.000949297),
(0.00065867 0.000987478 -0.00207568),
(-0.00060083 -0.000778289 0.000772272),
(0.000343208 0.000274287 -0.000302114),
(-0.000147069 -9.50447e-05 0.00010164),
(4.71106e-05 -2.16836e-05 -1.69043e-05),
(4.9377e-05 3.69461e-05 4.6047e-06),
(-0.000171977 3.23898e-05 4.19836e-05),
(0.000360748 -0.000143052 -0.000175926),
(-0.000637681 0.000548808 0.000548723),
(0.000949752 -0.000763022 -0.00187681),
(-0.000539457 -0.00211264 0.00207084),
(0.000660595 0.00205908 -0.000998706),
(-0.00050665 -0.00112298 0.000428421),
(0.000257712 0.000534616 -0.000144147),
(-6.70549e-05 -0.000191145 1.32017e-05),
(-0.000113202 0.000140447 -1.20245e-05),
(0.000324449 -0.000408255 -6.67547e-05),
(-0.000638485 0.000949826 0.000298817),
(0.000949656 -0.00187692 -0.000763027),
(-0.00100881 0.00191236 0.00191233),
],
"Sf_OpenFOAM":[
(-0.00208651 0 0),
(-0.00400315 0 0),
(-0.005594 0 0),
(-0.00673283 0 0),
(-0.00733532 0 0),
(-0.00733532 0 0),
(-0.00673283 0 0),
(-0.005594 0 0),
(-0.00400315 0 0),
(-0.00208651 0 0),
(-0.00400315 0 0),
(-0.00576351 0 0),
(-0.00722586 0 0),
(-0.00827383 0 0),
(-0.00882997 0 0),
(-0.00882997 0 0),
(-0.00827383 0 0),
(-0.00722586 0 0),
(-0.00576351 0 0),
(-0.00400315 0 0),
(-0.005594 0 0),
(-0.00722586 0 0),
(-0.00858273 0 0),
(-0.00955618 0 0),
(-0.0100743 0 0),
(-0.0100743 0 0),
(-0.00955618 0 0),
(-0.00858273 0 0),
(-0.00722586 0 0),
(-0.005594 0 0),
(-0.00673283 0 0),
(-0.00827383 0 0),
(-0.00955618 0 0),
(-0.010477 0 0),
(-0.0109683 0 0),
(-0.0109683 0 0),
(-0.010477 0 0),
(-0.00955618 0 0),
(-0.00827383 0 0),
(-0.00673283 0 0),
(-0.00733532 0 0),
(-0.00882997 0 0),
(-0.0100743 0 0),
(-0.0109683 0 0),
(-0.0114459 0 0),
(-0.0114459 0 0),
(-0.0109683 0 0),
(-0.0100743 0 0),
(-0.00882997 0 0),
(-0.00733532 0 0),
(-0.00733532 0 0),
(-0.00882997 0 0),
(-0.0100743 0 0),
(-0.0109683 0 0),
(-0.0114459 0 0),
(-0.0114459 0 0),
(-0.0109683 0 0),
(-0.0100743 0 0),
(-0.00882997 0 0),
(-0.00733532 0 0),
(-0.00673283 0 0),
(-0.00827383 0 0),
(-0.00955618 0 0),
(-0.010477 0 0),
(-0.0109683 0 0),
(-0.0109683 0 0),
(-0.010477 0 0),
(-0.00955618 0 0),
(-0.00827383 0 0),
(-0.00673283 0 0),
(-0.005594 0 0),
(-0.00722586 0 0),
(-0.00858273 0 0),
(-0.00955618 0 0),
(-0.0100743 0 0),
(-0.0100743 0 0),
(-0.00955618 0 0),
(-0.00858273 0 0),
(-0.00722586 0 0),
(-0.005594 0 0),
(-0.00400315 0 0),
(-0.00576351 0 0),
(-0.00722586 0 0),
(-0.00827383 0 0),
(-0.00882997 0 0),
(-0.00882997 0 0),
(-0.00827383 0 0),
(-0.00722586 0 0),
(-0.00576351 0 0),
(-0.00400315 0 0),
(-0.00208651 0 0),
(-0.00400315 0 0),
(-0.005594 0 0),
(-0.00673283 0 0),
(-0.00733532 0 0),
(-0.00733532 0 0),
(-0.00673283 0 0),
(-0.005594 0 0),
(-0.00400315 0 0),
(-0.00208651 0 0),
]},
],
]
